2025351
2025389
2025492
2025587
2025605
2025606
2025720
2025949
2025950
2026089
2026100
2026624
2026683
2026714
2026715
2026719
2026722
2026727
2026728
2026730
2026735
2026737
2026746
2026747
2026748
2026751
2026759
2026760
2026761
2026762
2026768
2026769
2026770
2026771
2026772
2026777
2026778
2026781
2026782
2026784
2026785
2026787
2026790
2026791
2026792
2026796
2026798
2026801
2026802
2026807
2026809
2026886
2026888
2027290
2027405
2027406
2027408
2027459
2027460
2027478
2027857
2027858
2027911
2027917
2027918
2027922
2028343
2028345
2029108
2029116
2029117
2029402
2029403
2029410
2029412
2029567
2029589
2029590
2029678
2029857
2029877
2029982
2029986
2030009
2030799
2030808
2030809
2030815
2030823
2030829
2030882
2032565
2032567
2032574
2032576
2032577
2032581
2032582
2032625
2032626
2032627
2032630
2032646
2032648
2032650
2032651
2032652
2032653
2032655
2032657
2032658
2033405
2033406
2033435
2033437
2033480
2033483
2033486
2033491
2033495
2033499
2033503
2033507
2033508
2033511
2033514
2033588
2033654
2033868
2033869
2034272
2034511
2034841
2035198
2035199
2035200
2035201
2035202
2035207
2035208
2035209
2035212
2035213
2035214
2035221
2035243
2035245
2035246
2035248
2035255
2035343
2035411
2035415
2035420
2035423
2035428
2035435
2035437
2035438
2035447
2035448
2035450
2035451
2035452
2035772
2035812
2035813
2036037
2038371
2038388
2038389
2038396
2038397
2038776
2039164
2039166
2039241
2039288
2039467
2039631
2040281
2040292
2040293
2040295
2040625
2040648
2040650
2041044
2041147
2041346
2041841
2042304
2042308
2042310
2042655
2042704
2043167
2043171
2044275
2044307
2044467
2044504
2044507
2044508
2044510
2044511
2044512
2044591
2044594
2044610
2044917
2044940
2045012
2045014
2045015
2045016
2045017
2045200
2045207
2045209
2045210
2045420
2045444
2045452
2047365
2047966
2047982
2048010
2048242
2048247
2048248
2048251
2048263
2048285
2048286
2048287
2048290
2048295
2048547
2048654
2048667
2048670
2048897
2048900
2048901
2048971
2049039
2049043
2049048
2049052
2049332
2049333
2049431
2049433
2049453
2049454
2050894
2050896
2050966
2050967
2051959
2052146
2052148
2052159
2052165
2052166
2052167
2052168
2052174
2052176
2052178
2052179
2052180
2052181
2052182
2052183
2052184
2052185
2052186
2052315
2052317
2052330
2052656
2052657
2052660
2052828
2052832
2052837
2052904
2052935
2052941
2052956
2052957
2053010
2053013
2053044
2053303
2053305
2053465
2053489
2053490
2053494
2053503
2053509
2053516
2053517
2053527
2053538
2053541
2053551
2053567
2053570
2053573
2053574
2053581
2053591
2053594
2053615
2053624
2053631
2053632
2053728
2053930
2054167
2054168
2054177
2054186
2054280
2054914
2054919
2055143
2055836
2055892
2055940
2056244
2056317
2056631
2056810
2056849
2056856
2056857
2056860
2056863
2056866
2056873
2057025
2057180
2057184
2057185
2057741
2057743
2057791
2057797
2057798
2057799
2057807
2057808
2057910
2058087
2058089
2058095
2058134
2058135
2058137
2058180
2058289
2058291
2058292
2058299
2058303
2058306
2058307
2058309
2058310
2058314
2058319
2058320
2058326
2058327
2058332
2058346
2058390
2058624
2058625
2058657
2058891
2058892
2058893
2058894
2058895
2058896
2058897
2058898
2058900
2059264
2059302
2059672
2059884
2059911
2060052
2060053
2060066
2060312
2060323
2060419
2060666
2060723
2060726
2060878
2060938
2064643
2064768
2065189
2065312
2065820
2066022
2066054
2066133
2066523
2066524
2066958
2067415
2067450
2067451
2067452
2067453
2067454
2067455
2067550
2067568
2067572
2067813
2067957
2067991
2068625
2068654
2069301
2069309
2069310
2069359
2069367
2069432
2069438
2070337
2070347
2070364
2070368
2070369
2070463
2070510
2070686
2071624
2071633
2071710
2071994
2072018
2072026
2072409
2072411
2072414
2072416
2072417
2072420
2072505
2072845
2072846
2072847
2072936
2073078
2073113
2073158
2073159
2073169
2075565
2077097
2077100
2077102
2077104
2077182
2077313
2078013
2078569
2078573
2078689
2078691
2078786
2079199
2079227
2079485
2079531
2079532
2079535
2079575
2079791
2079792
2079793
2079806
2080288
2080302
2080303
2080419
2080494
2080499
2080574
2080582
2080583
2080584
2080740
2080742
2080745
2080746
2080747
2080748
2080751
2080757
2080758
2080765
2080766
2081032
2081039
2081041
2081042
2081043
2081049
2081051
2081052
2081523
2081524
2081702
2081710
2081791
2081962
2081964
2081965
2082193
2082387
2082392
2082722
2082723
2082724
2082725
2082949
2082950
2083009
2083010
2083284
2083498
2086263
2086273
2086471
2086578
2086579
2086582
2086583
2086585
2093360
2093367
2093368
2093747
2093794
2093806
2093808
2093810
2093811
2093856
2093900
2094022
2094024
2094025
2094028
2094029
2094119
2094121
2094122
2094191
2094194
2099387
2099401
2099583
2099665
2099669
2099675
2099677
2099683
2099730
2099788
2099789
2100116
2100723
2100725
2100726
2100788
2100817
2107578
2107580
2107581
2107582
2107584
2107588
2107688
2107693
2107694
2107695
2107698
2107700
2107702
2107704
2107706
2107713
2108055
2108445
2108470
2108523
2108529
2109322
2109328
2109333
2109626
2109688
2109691
2109731
2109909
2109912
2109913
2109933
2116539
2116686
2116687
2116704
2116706
2126069
2126319
2126321
2126346
2126350
2126555
2126672
2126740
2126741
2126983
2126991
2126993
2127048
2127050
2133752
2133767
2133943
2133944
2133946
2133947
2133950
2133951
2133952
2133958
2133960
2135430
2135446
2135459
2135462
2135463
2135464
2135467
2135469
2135470
2135471
2135472
2135473
2135474
2135476
2135477
2135485
2135487
2135489
2135498
2135500
2135502
2135589
2135592
2135593
2135605
2135611
2135615
2135616
2135618
2135619
2135622
2135623
2135627
2135637
2135638
2135642
2135643
2135647
2135654
2135657
2135658
2135659
2135660
2135661
2135662
2135665
2135667
2135668
2135670
2135672
2135677
2135678
2135684
2135685
2135686
2135687
2135694
2135714
2135715
2135716
2135718
2135719
2135721
2135722
2135723
2135726
2135728
2135729
2135732
2135734
2135736
2135737
2135738
2135741
2135745
2135750
2135754
2135756
2135758
2135763
2135764
2135765
2135772
2135783
2135784
2135786
2135793
2135812
2136175
2136176
2136177
2136183
2136401
2137476
2137878
2138101
2138162
2138210
2144174
2144187
2152717
2153357
2153358
2153359
2153360
2153361
2153363
2153365
2161748
2161813
2161814
2161815
2161818
2161820
2161822
2161824
2161826
2161864
2161865
2161866
2161867
2161872
2161978
2161982
2161995
2162018
2162023
2162051
2162054
2162068
2162091
2162092
2162095
2162112
2162124
2162137
2162164
2162245
2162261
2162275
2162287
2162293
2162323
2162486
2162498
2162665
2162892
2162893
2163011
2163171
2163881
2164067
2164099
2164132
2169400
2169401
2169409
2169410
2169412
2169540
2169593
2170729
2170730
2170732
2170734
2171494
2171749
2171756
2171974
2171975
2171976
2171979
2172005
2172043
2172047
2172049
2172099
2172121
2172652
2173169
2173173
2173174
2173179
2173853
2173854
2174442
2174842
2174844
2174845
2175152
2175247
2175619
2175645
2175646
2175647
2175650
2175655
2175659
2175661
2175666
2175668
2182432
2182793
2183582
2183911
2183912
2183913
2183919
2183922
2183923
2183924
2183925
2183985
2183986
2183992
2183994
2184000
2184014
2184016
2184053
2184063
2184082
2184309
2184310
2184311
2184312
2184547
2184554
2184573
2184574
2184575
2184581
2184695
2184738
2184757
2184758
2185141
2185142
2185143
2185280
2185284
2185285
2200760
2200761
2200892
2200906
2200908
2200952
2201154
2201249
2201250
2201271
2201272
2201324
2201350
2201356
2201815
2201899
2202136
2202141
2202149
2202154
2202164
2202200
2202203
2202251
2202254
2202420
2202421
2202732
2202825
2202826
2202828
2203195
2203205
2203206
2203219
2203891
2204294
2204302
2211108
2211118
2211139
2211142
2211146
2211212
2211356
2211365
2211445
2211448
2211450
2211648
2211665
2212373
2212468
2212469
2212470
2212473
2212474
2212651
2212733
2212850
2213046
2213057
2213079
2213194
2213202
2213203
2213228
2216978
2218606
2218621
2218666
2219044
2219045
2219058
2219059
2219224
2219658
2219695
2219696
2219864
2220000
2220064
2220072
2220073
2220095
2230867
2230876
2230877
2230878
2230880
2230885
2231053
2231055
2231112
2231115
2231116
2231183
2231647
2231787
2233531
2233532
2233776
2234000
2234087
2234130
2234134
2248750
2248759
2248760
2248761
2248762
2248773
2249217
2249356
2249427
2249428
2249757
2249761
2249811
2249812
2250257
2250258
2250272
2250274
2250277
2250530
2250574
2250575
2250576
2250577
2250578
2250580
2250581
2250596
2250709
2250710
2258962
2258963
2259034
2259133
2259171
2259172
2259330
2259333
2259340
2259342
2259497
2259592
2259595
2259622
2259643
2259644
2259672
2259674
2259865
2267226
2267229
2267230
2267246
2267251
2267262
2267537
2267683
2267702
2267833
2267839
2268024
2268026
2268028
2268030
2268087
2268144
2268176
2268177
2268179
2268194
2268195
2268197
2268198
2268201
2268206
2268451
2268456
2268457
2268458
2268461
2268576
2268758
2269061
2269369
2282123
2282124
2282128
2282143
2282146
2282150
2282151
2282152
2282167
2282169
2282170
2282216
2282305
2282306
2282308
2282311
2282319
2282321
2282381
2282419
2282420
2282449
2282475
2282478
2282649
2282652
2282654
2282655
2282738
2282866
2283092
2283141
2283190
2283194
2283195
2283317
2283318
2283433
2283629
2283630
2283636
2283638
2283840
2290870
2290922
2291023
2291322
2291814
2291991
2292027
2292028
2292041
2292046
2292053
2292066
2292069
2292072
2292074
2292075
2292181
2292206
2292207
2292211
2292221
2292222
2292224
2292226
2292232
2292233
2292236
2292244
2292256
2292257
2292265
2292271
2292272
2292275
2292281
2292283
2292285
2292287
2292288
2292300
2292303
2292304
2292307
2292308
2292310
2292311
2292315
2292316
2292326
2292330
2292333
2292343
2292344
2292348
2292351
2292352
2292353
2292355
2292358
2292363
2292366
2292378
2292441
2292445
2292702
2292703
2292704
2292705
2292706
2292766
2292771
2292892
2292893
2292896
2292898
2292901
2292961
2292995
2293016
2293024
2293035
2293048
2293093
2293098
2293102
2293104
2293108
2293110
2293127
2293138
2293174
2293210
2293253
2293254
2293325
2293433
2293438
2293567
2293568
2293569
2293570
2293571
2293719
2293831
2293840
2293854
2293855
2293862
2293980
2294033
2294034
2294035
2294115
2294116
2294119
2301225
2301226
2301235
2301481
2301718
2302363
2302915
2302930
2302931
2302932
2302933
2302935
2302937
2302938
2302939
2302940
2302941
2303328
2303330
2303331
2303332
2303333
2303391
2303421
2303505
2303539
2303576
2303578
2303749
2303751
2303986
2303987
2303991
2303992
2304002
2304039
2304063
2304196
2304568
2304569
2304570
2304571
2304572
2304574
2304575
2304576
2304577
2304594
2304600
2304602
2304606
2304625
2304674
2304675
2304677
2305220
2305225
2305226
2305242
2305252
2305435
2305446
2305450
2305464
2305466
2305508
2305895
2305899
2305907
2305909
2305984
2305985
2305987
2305989
2305991
2305992
2306000
2306050
2306054
2306165
2306299
2306423
2306585
2306636
2306972
2306973
2306974
2306975
2306976
2306996
2306997
2306998
2307076
2307286
2315330
2315333
2315334
2315424
2315464
2315729
2315801
2315802
2315859
2315861
2316025
2316076
2316079
2316080
2316085
2316108
2316469
2316527
2316528
2316720
2316722
2316725
2316726
2316728
2316732
2316733
2316736
2319844
2320081
2320085
2320088
2320097
2320099
2320100
2320101
2320103
2320105
2320107
2320109
2320110
2320113
2320115
2320117
2320119
2320120
2320269
2320270
2320271
2320851
2320852
2320855
2320858
2320859
2320860
2320861
2320862
2320863
2320865
2320866
2320867
2320879
2320881
2320887
2320888
2320889
2321116
2321229
2321394
2321396
2321400
2321402
2321403
2338073
2338327
2338372
2339230
2339232
2339259
2340725
2340821
2340915
2341112
2341117
2358141
2358193
2358428
2358456
2358460
2358479
2364150
2364271
2364787
2364790
2364792
2364793
2364794
2364795
2364796
2364797
2364878
2364879
2364882
2382159
2382161
2419510
2419601
2419603
2419771
2419772
2419773
2419774
2419777
2419778
2419781
2420306
2420509
2420510
2420890
2447885
2447891
2447898
2448032
2448046
2448050
2448058
2448162
2448456
2448477
2448478
2448479
2448482
2448774
2448778
2448779
2448780
2448782
2478464
2478470
2478480
2478483
2478486
2478488
2478538
2478552
2478662
2478663
2478672
2478710
2478912
2478913
2478915
2478954
2478956
2478957
2478958
2478959
2478961
2478976
2478977
2479004
2479007
2479201
2479202
2479204
2479545
2479765
2479838
2479839
2479841
2479843
2479848
2479849
2479851
2479857
2479858
2479928
2480090
2480212
2480214
2480217
2480625
2480626
2480627
2480799
2480814
2480816
2480821
2480983
2482727
2482750
2483113
2483351
2483352
2483355
2483401
2483403
2483404
2483793
2483798
2483799
2483800
2483802
2483804
2483805
2483812
2483813
2484145
2484221
2484250
2484252
2484746
2484813
2485000
2485104
2485105
2485107
2485109
2485113
2485114
2485115
2485118
2485123
2485125
2485126
2485134
2485137
2485140
2485143
2485152
2485156
2485160
2485170
2485173
2485174
2485186
2485188
2485192
2485200
2485204
2485498
2485838
2485925
2485926
2485997
2485998
2485999
2486000
2486002
2486004
2486008
2486011
2486012
2486014
2486016
2486018
2486019
2486020
2486022
2486023
2486254
2486257
2486265
2486272
2486274
2486418
2486419
2486460
2486461
2486471
2486473
2486576
2486577
2486578
2486853
2486854
2486855
2487017
2487040
2487063
2487064
2487065
2487066
2487072
2487074
2487118
2487129
2487134
2487137
2487138
2487273
2487274
2487275
2487276
2487315
2487337
2487347
2487349
2487350
2487352
2487364
2487416
2487420
2487421
2487519
2487520
2487580
2487707
2487708
2487722
2487740
2487742
2487750
2487892
2487897
2487931
2488560
2488665
2488728
2488729
2488749
2488750
2488790
2488791
2488810
2488819
2488993
2488994
2489002
2489174
2489212
2489213
2489215
2489218
2489522
2489595
2489596
2490538
2490545
2490847
2490851
2490855
2490941
2490950
2490951
2490956
2491023
2491043
2491045
2491047
2491048
2491049
2491051
2491057
2491058
2491059
2491116
2491138
2491711
2491866
2492393
2492472
2492662
2493084
2493092
2493111
2493553
2493665
2493666
2493668
2493669
2493672
2493673
2493674
2493675
2493676
2493690
2493691
2494234
2494256
2494373
2494374
2494375
2494550
2494560
2494575
2494657
2494697
2494699
2494700
2494733
2495405
2495409
2495421
2495428
2495496
2495579
2495592
2495593
2495594
2495645
2495881
2495887
2495899
2495913
2496028
2496029
2496101
2496119
2496265
2496266
2496267
2496557
2496558
2496559
2496632
2496635
2496639
2496640
2496641
2496668
2496707
2496742
2496793
2496837
2496842
2496847
2496865
2496866
2496867
2496869
2497325
2497473
2497485
2497596
2497627
2497628
2497630
2497633
2497640
2497686
2497747
2497754
2497861
2497863
2497878
2497879
2497945
2497989
2498093
2498109
2498111
2498113
2498120
2498135
2498136
2498451
2498595
2498704
2498845
2498846
2498847
2498852
2498856
2498859
2499076
2499078
2499140
2499144
2499145
2499157
2499163
2499220
2499626
2499681
2499833
2499834
2499852
2500157
2500177
2500528
2500530
2500533
2500546
2500550
2501295
2501299
2502183
2502186
2502187
2502191
2502192
2502193
2502195
2502196
2502197
2502199
2502200
2502208
2502210
2502213
2502215
2502220
2502221
2502223
2502232
2502235
2502236
2502239
2502240
2502246
2502247
2502251
2502255
2502257
2502781
2502782
2502783
2502784
2502791
2502843
2502979
2503024
2505976
2505977
2505979
2506420
2506421
2506422
2506423
2506430
2507060
2507075
2507158
2507159
2507160
2507161
2507162
2507538
2507566
2507582
2508168
2508307
2508326
2508327
2508540
2508687
2508707
2508708
2508720
2508722
2508724
2508726
2508868
2508871
2508878
2508879
2508880
2508881
2508882
2508885
2508996
2508997
2508998
2509225
2509240
2509241
2509341
2509362
2509455
2509456
2509457
2509458
2509718
2509720
2509721
2510307
2510337
2510645
2510646
2510647
2510718
2510796
2510797
2510963
2510978
2511025
2511069
2511130
2511170
2511171
2511172
2511201
2511202
2511204
2511932
2511995
2512112
2512113
2512114
2512115
2512117
2512118
2512119
2512120
2512121
2512125
2512127
2512129
2512131
2512133
2512136
2512141
2512144
2512146
2512149
2512150
2512152
2512153
2512154
2512155
2512158
2512160
2512165
2512167
2512168
2512170
2512173
2512174
2512175
2512180
2512184
2512212
2512213
2512215
2512217
2512220
2512221
2512223
2512224
2512237
2512240
2512262
2516556
2516557
2516559
2516960
2517205
2517210
2517362
2517819
2518112
2518176
2518341
2518343
2518363
2518370
2518371
2518372
2518501
2518606
2518612
2518622
2518644
2518645
2518649
2518684
2518972
2518974
2518975
2518976
2518977
2518979
2518980
2518983
2518989
2520506
2527868
2527873
2527875
2527939
2527963
2527964
2527966
2527968
2527971
2527972
2527973
2527974
2527975
2527976
2527978
2527979
2527980
2527982
2527983
2527985
2527986
2527990
2527991
2527994
2527995
2527998
2528000
2528001
2528002
2528003
2528004
2528005
2528007
2528008
2528009
2528010
2528012
2528014
2528016
2528017
2528018
2528021
2528022
2528024
2528025
2528026
2528027
2528034
2528035
2528036
2528174
2528175
2528211
2528239
2528245
2528249
2528274
2528437
2528445
2528630
2528631
2528712
2528715
2528828
2528831
2528957
2528964
2528979
2529032
2529119
2529274
2529298
2529379
2529380
2529381
2529389
2529433
2529835
2529837
2529839
2529843
2529845
2529849
2529850
2529852
2529854
2529859
2529860
2530046
2530049
2530200
2530201
2530339
2530364
2530365
2530367
2530368
2530369
2530370
2530371
2530372
2530373
2530374
2530375
2530376
2530378
2530379
2530381
2530385
2530387
2530390
2530391
2530451
2530452
2530453
2530454
2530455
2530456
2541724
2541725
2541726
2541727
2541733
2541734
2543737
2544872
2545265
2545266
2545468
2545632
2545633
2545717
2545755
2545756
2545757
2545760
2545761
2545762
2545983
2546102
2546127
2546219
2546227
2546229
2546320
2546350
2546351
2546571
2547244
2547392
2547393
2547396
2547397
2547400
2547410
2547429
2547598
2547600
2547601
2547833
2548456
2552189
2552942
2552945
2555642
2555643
2555782
2555897
2555902
2557994
2558242
2558243
2558245
2558276
2558277
2558278
2558284
2558360
2558361
2558918
2558931
2559073
2559075
2559236
2559237
2559572
2559573
2559597
2559600
2559606
2559607
2559608
2559610
2559611
2559612
2559617
2559704
2559708
2559709
2559804
2559914
2559915
2559916
2559917
2559919
2559922
2559923
2559927
2559929
2560010
2560027
2560052
2560053
2560054
2560055
2560057
2560852
2560861
2561898
2561920
2561924
2561926
2561929
2561932
2561934
2562116
2562117
2562153
2562278
2562279
2562280
2562283
2562284
2562285
2562294
2562307
2562309
2562310
2562311
2562312
2562313
2562314
2562315
2562316
2562317
2562439
2562449
2562451
2562452
2562524
2562655
2562668
2562669
2562670
2562682
2562683
2562684
2562685
2562705
2562714
2562824
2562860
2562892
2562948
2563088
2563100
2563101
2563102
2563103
2563114
2563443
2563600
2563601
2563796
2563858
2563889
2563896
2563897
2563914
2563930
2563953
2563971
2564099
2564100
2565365
2565366
2565367
2565368
2565549
2565555
2565556
2565558
2565560
2565572
2565624
2565777
2565782
2565924
2565925
2565926
2565930
2565931
2565932
2565933
2565934
2566013
2567861
2567881
2567884
2567896
2567934
2567936
2567937
2567944
2568654
2569093
2569538
2569539
2569540
2569541
2569542
2569543
2569762
2569850
2569852
2569853
2569855
2569858
2569859
2570190
2570191
2570192
2570193
2570229
2570351
2570354
2570561
2570926
2571029
2571030
2571105
2571116
2571125
2571127
2571128
2571129
2571141
2571150
2571161
2571175
2571211
2571270
2571271
2571272
2571273
2571746
2571747
2571748
2571749
2571750
2572090
2572203
2572245
2572576
2572577
2572594
2572595
2572682
2572684
2572881
2572883
2572887
2572903
2572917
2573093
2574727
2574733
2574734
2574798
2575373
2575374
2575443
2575510
2575572
2575697
2575830
2575834
2575923
2576037
2576062
2576307
2576309
2576384
2576432
2576607
2576763
2576776
2576829
2576837
2576838
2576839
2576902
2576904
2576916
2576917
2576918
2576919
2576920
2576921
2576922
2576923
2576925
2576926
2576927
2576928
2576929
2576930
2576931
2578104
2578117
2578118
2578120
2579250
2579922
2579935
2579942
2579977
2580412
2580517
2580566
2582633
2582637
2582668
2582683
2582829
2582831
2582849
2582905
2582913
2582917
2582919
2582921
2583211
2583219
2583229
2583234
2583238
2583377
2583452
2583453
2583530
2583531
2583587
2583807
2583808
2583809
2583814
2583818
2583820
2583821
2583823
2583824
2583849
2583851
2583989
2583991
2583992
2584084
2584094
2584121
2584122
2584124
2584183
2584524
2584624
2584658
2584926
2584940
2584942
2584949
2585028
2585119
2585135
2585141
2585190
2585196
2585197
2585198
2585199
2585200
2585206
2585717
2585753
2585771
2585773
2586637
2586643
2586742
2586906
2586908
2586972
2586980
2586986
2586990
2586995
2586996
2587000
2587012
2587016
2587018
2587022
2587029
2587031
2587035
2587036
2587044
2587047
2587050
2587052
2587053
2587063
2587064
2587065
2587073
2587117
2587121
2587130
2587140
2587163
2587528
2587808
2587812
2587813
2587842
2587844
2587847
2587848
2587850
2587851
2587853
2587855
2587856
2587861
2588299
2588450
2588497
2588711
2588938
2588991
2589074
2589786
2589797
2589807
2589815
2589816
2589817
2589885
2589889
2589891
2589903
2589908
2589909
2589934
2589942
2589946
2589952
2589959
2589976
2589984
2589990
2589995
2590009
2590010
2590012
2590015
2590016
2590018
2590020
2590022
2590199
2590212
2590213
2590449
2590451
2590452
2590547
2590549
2590551
2590552
2590574
2590576
2590670
2590775
2590779
2590780
2590785
2590867
2590869
2590901
2590999
2591006
2591008
2591009
2591038
2591108
2591145
2591463
2591470
2591606
2591633
2591634
2591847
2591848
2592067
2592068
2592069
2592070
2592090
2592334
2592336
2592382
2592383
2592614
2592621
2592622
2592624
2592646
2592652
2592653
2592654
2592655
2592657
2592811
2592817
2593007
2593021
2593070
2593301
2593302
2593303
2593304
2593411
2593535
2593546
2593641
2593642
2593644
2593649
2593652
2593653
2593654
2593655
2593663
2593771
2593973
2593994
2594004
2594005
2594179
2594265
2594266
2594268
2594269
2594428
2594429
2594430
2594432
2594437
2594473
2594475
2594476
2594477
2594501
2594794
2594883
2594886
2594913
2595005
2595053
2595054
2595067
2596704
2596827
2596828
2596891
2596892
2596893
2596911
2596912
2596913
2596920
2596921
2597270
2597345
2597348
2597350
2597351
2597355
2597358
2597516
2597517
2597518
2597659
2597660
2597670
2597702
2597703
2597743
2597744
2597768
2597769
2598453
2598458
2598460
2598724
2598725
2598860
2599077
2599291
2599293
2599294
2599295
2599296
2599297
2599305
2599308
2599389
2599398
2599399
2599401
2599412
2599595
2599607
2599615
2599616
2599617
2599618
2599619
2599629
2599630
2599640
2599641
2599694
2599821
2599923
2599924
2599925
2599926
2599927
2599935
2599938
2599941
2600149
2600159
2600299
2600309
2600320
2600577
2600579
2600598
2601252
2601677
2601703
2601869
2601894
2601898
2602016
2602067
2602069
2602070
2602289
2602738
2602750
2602761
2602767
2602768
2602769
2603204
2603206
2603215
2603216
2603222
2603253
2603274
2603275
2603276
2603292
2603598
2603628
2603660
2603816
2603818
2603819
2603857
2603858
2603888
2603898
2603899
2603900
2604047
2604086
2604091
2604139
2604140
2604142
2604148
2604158
2604327
2604328
2604421
2604423
2604424
2604466
2604468
2604537
2604832
2604836
2604852
2604873
2604882
2604886
2604892
2604895
2604941
2604945
2605255
2605256
2605257
2605260
2605270
2605272
2605383
2605428
2605429
2605430
2605432
2605433
2605434
2605638
2605694
2605731
2605748
2605778
2605779
2605781
2605782
2605789
2605790
2605945
2605946
2605985
2605989
2605990
2606214
2606216
2606217
2606218
2606219
2606412
2606431
2606439
2606449
2606451
2606593
2606599
2606600
2606608
2606611
2606612
2606616
2606626
2606629
2606630
2606631
2606632
2606633
2606634
2606635
2606636
2606637
2606638
2606681
2606708
2606709
2606717
2606936
2606937
2607061
2607284
2607286
2607326
2607479
2607496
2607497
2607506
2607601
2607602
2607605
2607610
2607614
2607653
2607654
2607655
2607656
2607659
2607660
2607662
2607663
2607724
2607730
2607767
2607769
2607771
2607772
2607783
2607784
2607791
2607805
2607808
2607811
2607812
2607814
2607816
2607817
2607833
2607834
2607907
2607908
2607911
2607998
2608000
2608001
2608003
2608008
2608082
2608247
2608252
2608253
2608255
2608324
2608334
2608336
2608339
2608340
2608346
2608355
2608360
2608362
2608384
2608630
2608631
2608683
2608686
2608687
2608715
2608716
2608867
2608880
2608981
2608982
2608983
2608985
2608987
2608998
2608999
2609175
2609251
2609252
2609253
2609254
2609257
2609667
2609668
2609813
2609961
2609964
2610880
2610888
2610891
2610895
2610898
2610902
2613755
2613756
2613770
2613773
2613842
2613922
2613962
2613965
2614131
2614247
2614250
2614251
2614252
2614253
2614255
2614257
2614538
2614638
2614639
2614655
2614693
2614804
2614809
2614830
2615024
2615184
2615203
2615207
2615211
2650101
2650157
2650158
2650472
2650566
2650661
2650745
2650748
2650773
2650774
2650971
2650975
2651161
2651171
2651187
2651188
2651284
2651334
2651627
2651628
2651839
2651865
2651869
2651870
2651974
2652173
2652177
2652247
2652269
2652274
2652276
2652278
2652279
2652282
2652285
2652286
2652289
2652290
2652291
2652292
2652293
2652309
2652390
2652391
2652443
2652722
2653126
2653129
2653130
2653131
2653132
2653133
2653135
2653142
2653143
2653147
2653148
2653151
2653152
2653153
2653157
2653158
2653163
2653165
2653166
2653170
2653171
2653173
2653181
2653200
2653203
2653354
2653499
2653674
2653677
2653680
2653681
2653714
2653850
2653851
2653852
2653853
2653855
2653856
2653857
2653858
2653893
2653932
2653936
2654097
2654172
2654184
2654185
2654188
2654191
2654217
2654218
2654236
2654244
2654248
2654252
2654254
2654255
2654282
2654322
2654325
2654513
2654547
2654637
2654675
2654676
2654845
2654874
2654950
2654974
2654975
2654976
2654977
2654978
2654982
2654983
2654998
2655001
2656650
2656756
2656760
2656774
2656915
2656921
2657486
2660639
2660703
2660710
2660712
2660713
2660747
2660748
2661613
2661628
2661630
2661913
2661917
2661937
2662028
2662066
2662126
2662178
2662179
2662258
2662261
2662262
2662263
2662264
2662361
2662362
2662363
2662364
2662397
2662430
2662446
2662447
2662448
2662454
2663008
2663009
2663014
2663018
2663019
2663022
2663029
2663120
2663123
2663237
2663379
2663380
2663532
2663533
2663822
2663823
2663832
2663843
2663847
2663857
2663859
2663863
2664087
2664088
2664091
2664180
2664442
2664451
2664454
2664894
2665153
2665157
2665158
2665159
2665160
2665161
2665496
2665504
2665642
2665643
2665644
2665645
2665646
2665648
2666025
2666072
2666075
2666084
2666085
2666135
2666136
2666137
2666140
2666141
2666142
2666143
2666183
2666185
2666193
2666197
2666199
2666328
2666329
2666330
2666332
2668039
2668052
2668065
2668067
2668070
2668075
2670375
2670377
2672567
2672568
2672569
2672570
2675053
2675054
2675057
2675099
2675216
2675218
2675219
2675220
2675221
2675222
2675225
2675299
2675378
2675466
2675523
2675524
2675553
2675710
2675747
2675748
2675751
2675754
2675793
2675797
2675850
2675851
2675875
2675876
2675877
2675878
2676062
2676077
2676099
2676122
2676123
2676290
2676293
2676296
2676308
2676311
2676446
2676868
2676871
2678257
2678259
2678357
2678564
2678566
2678611
2678616
2678657
2678685
2678686
2678688
2679914
2679963
2679964
2679993
2681305
2681310
2681394
2681398
2681404
2681409
2681411
2681412
2681413
2681415
2681465
2681467
2681469
2681470
2681485
2681491
2681492
2681495
2681496
2681549
2681552
2681555
2681556
2681766
2681861
2681965
2681983
2681984
2681986
2681987
2682090
2682091
2682092
2682096
2682097
2682100
2682456
2682486
2682493
2682494
2682541
2682546
2682548
2682611
2682776
2682781
2682842
2682846
2682847
2682849
2682976
2682977
2682996
2683006
2683013
2683018
2683194
2683195
2683199
2683200
2683249
2683258
2683259
2683261
2683262
2683263
2683266
2683284
2683339
2683588
2683589
2683590
2683649
2683708
2683715
2683717
2683720
2683724
2683967
2684113
2684114
2684210
2684211
2684397
2684405
2684406
2684469
2684470
2685869
2685873
2685991
2686016
2686076
2686077
2686078
2686079
2686091
2686092
2686304
2686346
2686354
2686356
2686357
2686358
2686359
2686360
2686361
2686362
2686363
2686365
2686366
2686367
2687242
2687288
2687306
2687310
2687312
2687313
2689077
2689078
2689094
2689096
2689097
2689098
2689099
2689100
2689101
2689103
2689104
2689106
2689108
2689109
2689391
2689393
2689569
2689575
2689616
2690264
2690292
2690315
2690338
2690445
2690446
2690447
2690782
2690837
2690964
2691037
2691040
2691041
2691042
2691084
2691551
2691571
2691581
2691582
2691583
2691888
2691917
2691959
2692125
2692134
2692170
2692174
2692175
2692176
2692178
2692181
2692189
2692190
2692195
2692196
2692198
2692199
2692211
2692212
2692213
2692234
2692236
2692265
2692318
2692330
2692424
2692425
2692584
2692619
2692622
2692623
2692626
2692629
2692755
2692763
2692765
2692766
2692767
2692768
2692769
2692777
2692783
2692792
2692793
2692794
2692798
2692806
2692807
2692811
2692814
2692817
2692821
2692823
2692824
2692825
2692826
2692829
2692830
2692832
2692833
2692834
2692837
2692839
2692842
2692843
2692844
2692846
2692847
2692848
2692855
2692856
2692857
2692858
2692859
2692860
2692868
2692870
2692871
2692877
2692881
2692882
2692883
2692884
2692891
2692894
2692895
2692898
2692900
2692901
2692903
2692904
2692905
2692907
2692908
2692909
2692910
2692911
2692915
2692916
2694929
2694930
2695265
2695266
2695267
2695269
2695274
2695275
2696054
2696062
2696063
2696284
2696285
2696468
2696469
2696472
2696565
2696567
2697007
2697008
2697010
2697019
2697024
2697027
2697028
2697030
2697031
2697032
2697033
2697034
2697035
2697053
2697054
2697319
2697366
2697468
2697469
2697500
2697502
2697503
2697515
2697563
2697565
2697566
2697568
2697569
2697651
2697654
2697657
2698204
2698248
2698458
2698649
2698669
2698672
2698673
2698676
2698679
2698684
2698686
2698687
2698827
2698828
2698829
2698830
2698832
2698834
2699202
2699395
2699429
2699430
2699468
2699469
2699502
2699754
2699889
2700081
2700082
2703787
2703788
2703789
2703794
2703818
2703883
2703884
2703885
2703888
2703897
2703900
2703903
2704140
2704465
2704466
2704468
2705010
2705012
2705029
2705247
2705253
2705254
2705290
2705293
2705421
2705429
2705430
2705431
2705432
2705439
2705463
2705474
2705533
2705534
2705546
2705548
2706015
2706028
2706040
2706046
2706058
2706070
2706114
2706124
2706882
2706883
2706887
2706888
2707003
2707005
2707006
2707176
2707299
2707330
2707344
2707345
2707351
2707525
2708020
2708053
2708079
2708082
2708117
2708254
2708300
2708301
2708342
2708344
2708345
2708350
2708354
2708539
2709132
2709133
2709134
2709157
2709158
2709303
2709310
2709311
2709380
2709381
2709382
2709383
2709392
2709394
2709396
2709398
2709399
2709401
2709406
2709407
2709429
2709659
2709660
2709661
2709663
2709665
2709780
2709784
2709791
2709793
2709794
2709796
2709798
2710587
2710589
2710596
2710650
2710755
2710756
2710757
2710879
2710881
2710882
2710883
2710886
2710887
2710922
2711154
2711156
2711206
2711215
2711216
2711217
2711220
2711221
2711231
2711233
2711294
2711328
2712222
2712223
2712698
2712863
2712864
2713171
2713172
2713173
2713174
2713414
2713500
2713501
2713502
2713503
2713504
2713505
2713569
2713570
2713571
2713603
2714036
2714037
2714039
2714040
2714351
2714358
2714601
2714844
2714855
2714892
2714901
2714923
2714924
2714925
2714926
2714928
2714929
2714930
2714931
2714933
2714934
2714935
2714936
2714937
2714938
2714939
2714940
2714942
2714943
2714944
2714945
2714946
2714947
2714949
2714951
2714952
2714953
2714954
2715124
2715163
2715164
2715210
2715211
2715212
2715232
2715253
2715277
2715279
2715505
2715535
2715536
2715679
2715692
2715751
2715753
2715754
2715755
2715756
2715959
2715960
2715964
2716202
2716224
2716225
2716226
2716227
2716262
2716264
2716317
2716334
2716335
2716338
2716339
2716340
2716341
2716478
2716479
2716480
2716481
2716482
2716483
2716484
2716486
2716487
2716488
2716489
2716538
2716691
2716876
2716930
2717286
2717288
2717316
2717319
2717324
2717492
2718534
2718620
2718714
2718882
2718938
2719047
2719382
2719616
2719791
2719792
2719793
2719794
2719795
2719796
2719797
2719987
2719988
2719989
2720024
2720025
2720031
2720079
2720080
2720081
2720082
2720083
2720084
2720226
2720228
2720229
2720391
2720392
2720402
2720405
2720408
2720410
2720413
2720421
2720427
2720435
2720447
2720451
2720463
2720467
2720469
2720471
2720503
2720613
2720726
2720816
2720819
2720820
2720823
2720831
2720832
2720833
2721099
2721101
2721127
2721129
2721132
2721133
2721135
2721139
2721142
2721144
2721145
2721149
2721153
2721157
2721160
2721161
2721164
2721166
2721175
2721243
2721244
2721546
2721558
2721560
2721561
2721608
2721623
2721624
2721777
2722701
2722703
2722704
2722706
2722741
2722743
2722751
2722753
2722755
2722756
2722791
2722792
2722803
2722820
2722822
2723052
2723053
2723058
2723060
2723063
2723064
2723066
2723068
2723071
2723075
2723079
2723082
2723083
2723084
2723087
2723088
2723089
2723090
2723091
2723108
2723109
2723316
2723317
2723403
2723666
2723847
2723913
2723914
2724123
2724150
2724178
2724184
2724191
2724193
2724468
2724524
2724528
2724897
2724901
2724914
2724915
2724927
2724939
2724942
2724944
2725283
2725288
2725303
2725304
2725305
2725306
2725308
2725310
2725313
2725411
2725412
2725413
2725416
2725477
2725483
2725555
2725557
2725558
2725560
2725563
2725975
2725994
2725995
2725996
2726116
2726117
2726118
2726122
2726185
2726187
2726201
2726362
2726450
2726738
2726739
2726740
2726741
2726742
2726743
2726988
2726989
2727415
2728020
2728021
2728022
2728023
2728024
2728037
2728101
2728102
2728834
2728835
2728836
2728837
2728838
2728839
2728840
2728841
2728842
2728844
2728845
2728846
2728847
2728848
2728849
2728851
2728853
2728912
2729107
2729135
2729136
2729140
2729175
2729386
2729387
2729423
2729538
2729598
2729599
2729616
2729617
2729622
2729626
2729629
2729725
2729730
2729731
2729995
2729997
2730080
2730337
2730359
2730403
2730404
2730413
2730424
2730425
2730845
2730847
2730848
2730852
2730889
2730914
2730918
2730920
2730921
2730922
2730925
2731096
2731112
2731209
2731220
2731247
2731255
2731377
2731681
2731756
2731925
2732044
2732067
2732161
2732163
2732249
2732252
2732487
2732508
2732509
2732530
2732593
2732594
2732853
2732867
2732868
2733487
2733488
2733571
2733572
2733862
2733863
2733867
2734634
2734909
2735133
2735134
2735135
2735136
2735167
2735259
2735267
2735268
2735269
2735270
2735272
2735314
2735321
2735433
2735434
2735435
2735553
2735555
2735563
2735564
2735568
2735675
2735868
2735870
2735881
2735882
2735894
2735895
2735896
2735897
2735899
2735915
2735916
2736252
2736253
2736285
2736290
2736291
2736292
2736294
2736298
2736302
2736600
2736602
2736603
2736604
2736605
2736608
2736640
2736641
2736643
2736757
2736887
2736928
2737028
2737171
2737172
2737173
2737536
2737661
2737662
2737663
2738134
2738136
2738405
2738409
2738439
2738447
2738452
2738515
2738837
2738844
2738852
2738883
2738988
2739014
2739020
2739021
2739022
2739023
2739058
2739061
2739062
2739063
2739389
2739432
2739434
2740164
2740184
2740185
2740186
2740298
2740404
2740405
2740462
2740464
2740515
2740518
2740533
2740535
2740538
2740540
2740542
2740577
2740579
2740583
2740584
2740676
2740807
2740817
2740820
2741069
2741323
2741325
2741497
2741544
2741673
2741674
2741719
2741720
2741721
2741726
2741738
2741953
2742128
2742129
2742131
2742132
2742135
2742136
2742137
2742140
2742145
2742195
2742202
2742203
2742204
2742600
2742601
2742602
2742603
2742604
2742605
2742608
2742615
2742618
2742624
2742639
2742676
2742698
2742709
2742710
2742718
2742824
2742999
2743000
2743001
2743089
2743090
2743469
2743470
2743471
2743472
2743473
2743612
2743618
2743772
2743977
2743979
2744027
2744239
2744252
2744309
2744470
2744473
2744479
2744516
2744518
2744521
2744522
2744555
2744558
2744574
2745138
2745196
2745197
2745198
2745199
2745202
2745490
2745491
2745493
2745495
2745496
2745500
2745504
2745508
2745509
2745511
2745593
2745851
2745935
2745936
2745947
2746060
2746230
2746231
2746702
2746921
2747268
2747601
2747607
2747801
2747807
2747810
2747811
2747813
2747814
2747817
2748009
2748010
2748011
2748031
2748078
2748079
2748080
2748098
2748310
2748318
2748319
2748320
2748322
2748326
2748662
2748666
2748667
2748684
2748863
2748865
2748908
2749040
2749086
2749147
2749268
2749434
2749827
2749828
2749829
2749830
2749961
2749962
2749963
2749964
2749965
2749968
2749999
2750085
2750147
2750620
2750624
2750625
2750669
2750670
2750734
2750814
2750816
2750940
2750999
2751016
2751040
2751170
2751171
2751188
2751207
2751220
2751223
2751250
2751251
2751268
2751273
2751313
2751370
2751811
2751812
2751884
2752305
2752306
2752307
2752311
2752316
2752515
2752516
2753607
2753746
2754044
2754045
2754695
2754723
2754725
2754726
2755037
2755039
2755051
2755139
2755323
2755338
2755356
2755358
2755382
2755406
2755556
2755558
2755562
2755585
2756129
2756130
2756131
2756263
2756294
2757768
2758033
2758037
2758041
2758412
2758415
2758439
2758440
2758441
2758442
2758443
2758564
2758565
2758566
2758567
2758568
2758569
2758570
2758572
2758573
2758709
2758710
2758716
2758726
2759023
2759035
2759037
2759165
2759166
2759181
2759495
2759526
2759527
2759660
2759662
2759675
2759676
2759681
2759695
2759707
2759747
2759748
2759755
2759811
2759820
2759824
2759844
2759855
2759899
2759900
2759943
2759944
2759945
2759946
2759953
2759954
2759956
2760025
2760083
2760088
2760089
2760090
2760093
2760307
2760310
2760313
2760662
2760706
2760708
2760713
2760803
2760804
2760807
2760816
2760832
2760936
2760976
2761101
2761102
2761105
2761107
2761120
2761452
2761453
2761487
2761496
2761530
2761535
2761578
2761579
2761580
2761620
2761622
2761623
2761955
2762020
2762061
2762209
2762210
2762214
2762216
2762218
2762221
2762222
2762223
2762224
2762225
2762227
2762230
2762231
2762232
2762233
2762234
2762236
2762240
2762241
2762242
2762243
2762245
2762246
2762274
2762277
2762291
2762292
2762294
2762295
2762297
2762299
2762300
2762322
2762323
2762325
2762332
2762553
2762557
2762559
2762576
2762577
2762591
2762592
2762593
2762597
2762599
2762619
2762729
2762745
2762748
2762756
2762757
2762758
2762759
2762760
2763006
2763008
2763009
2763010
2763011
2763016
2763017
2763022
2763026
2763033
2763037
2763042
2763047
2763051
2763052
2763053
2763054
2763057
2763064
2763066
2763071
2763072
2763074
2763075
2763107
2763117
2763257
2763263
2763317
2763498
2763499
2763501
2763502
2763503
2763504
2763505
2763506
2763644
2763645
2763655
2763656
2763657
2763658
2763659
2763660
2763661
2763662
2763663
2763664
2763666
2763667
2763669
2763670
2763671
2763673
2763675
2763676
2763677
2763678
2763679
2764176
2764186
2764187
2764322
2764325
2764326
2764712
2764714
2764716
2764718
2764720
2764721
2765359
2765360
2765361
2765362
2765363
2765364
2766470
2766479
2766537
2766595
2766702
2766703
2766778
2766784
2766967
2766970
2766980
2766981
2766982
2766984
2767425
2767435
2767445
2767449
2767468
2767482
2767591
2767595
2767772
2767773
2767798
2767826
2767996
2768039
2768063
2768065
2768066
2768068
2768069
2768071
2768148
2768161
2768162
2768412
2768435
2768438
2768440
2768444
2768445
2768446
2768449
2768450
2768452
2768454
2768455
2768457
2768458
2768459
2768461
2768462
2768466
2768720
2768834
2769067
2769078
2769253
2769284
2769288
2769289
2769292
2769294
2769295
2769296
2769301
2769302
2769303
2769313
2769341
2769422
2769423
2769486
2769488
2769490
2769491
2769542
2770234
2770235
2770274
2770322
2770504
2770505
2770547
2770550
2770551
2770592
2770636
2770637
2771008
2771012
2771352
2771354
2771355
2771357
2771359
2771361
2771362
2771377
2771427
2771428
2771430
2771431
2771432
2771435
2771436
2771476
2771493
2772109
2772110
2772213
2772252
2772254
2772299
2772301
2772401
2772483
2772484
2772509
2772510
2772559
2772562
2773161
2773167
2773266
2773299
2773304
2773305
2773308
2773453
2773454
2773457
2773458
2773677
2773713
2773922
2774019
2774053
2774055
2774125
2774131
2774133
2774137
2774138
2774139
2774142
2774143
2774144
2774145
2774154
2774188
2774189
2774190
2774191
2774202
2774330
2774333
2774334
2774335
2774341
2774343
2774344
2774347
2774349
2774408
2774460
2774461
2774506
2774508
2774511
2774512
2774531
2774595
2774599
2774601
2774603
2774605
2774876
2775029
2775031
2775081
2775161
2775246
2775279
2775280
2775282
2775292
2775300
2775302
2775309
2775310
2775421
2775526
2775554
2775555
2775578
2775866
2775867
2775868
2775921
2775922
2775923
2775968
2776704
2776706
2776916
2776917
2777155
2777186
2777475
2777577
2777781
2777960
2777964
2777965
2777966
2777968
2777969
2777970
2777975
2777977
2777983
2777984
2778054
2778070
2778082
2778430
2778476
2778646
2778729
2778731
2778911
2779161
2779354
2779355
2779356
2779357
2779358
2779367
2779369
2779370
2779375
2779445
2779508
2779510
2779518
2779519
2779528
2779529
2779678
2779775
2779776
2779889
2780075
2780086
2780087
2780088
2780090
2780095
2780140
2780381
2780382
2780383
2780508
2780544
2780922
2781018
2781019
2781020
2781022
2781024
2781186
2781239
2781241
2781243
2781388
2781599
2781731
2781732
2781734
2781738
2781773
2781774
2781962
2781979
2781983
2782003
2782005
2782007
2782014
2782166
2782167
2782168
2782169
2782225
2782243
2782349
2782350
2782351
2782352
2782402
2782536
2782538
2782539
2782540
2782541
2782567
2782607
2782701
2783614
2783663
2783665
2783792
2783794
2783812
2783813
2783814
2783815
2783817
2783824
2783825
2783827
2783832
2783858
2784339
2784346
2784387
2784388
2784389
2784880
2784882
2784883
2784884
2785025
2785056
2785058
2785133
2785297
2785324
2785325
2785326
2785331
2785524
2785530
2785785
2785786
2785789
2785790
2785793
2785907
2785909
2785914
2785915
2785916
2785917
2785918
2786955
2786960
2786961
2787079
2787099
2787101
2787103
2787148
2787620
2787622
2787625
2787626
2787627
2787628
2787636
2787712
2787713
2787714
2787716
2787732
2787733
2787795
2788942
2788943
2788945
2789216
2789295
2789296
2789327
2789328
2789583
2789585
2789740
2789776
2789781
2789856
2789857
2789860
2789879
2789880
2790969
2791022
2791023
2791024
2791025
2791026
2791027
2791028
2791981
2791986
2792007
2792038
2792039
2792045
2792054
2792056
2792077
2792083
2792084
2792425
2792470
2792480
2792481
2792603
2792619
2792620
2792621
2792622
2792623
2792625
2792782
2792783
2792784
2792788
2792964
2792977
2792978
2792979
2793037
2793063
2793064
2793065
2793066
2793068
2793069
2793070
2793071
2793075
2793077
2793196
2793241
2793259
2793269
2793270
2793297
2794033
2794089
2794343
2794344
2794347
2794349
2794350
2794352
2794353
2794574
2794834
2794865
2794877
2794934
2794938
2795018
2795026
2795029
2795030
2795031
2795106
2795110
2795114
2795115
2795117
2795120
2795123
2795124
2795129
2795215
2795217
2795218
2795383
2795386
2795387
2795388
2795389
2795488
2795688
2795690
2795725
2795726
2795727
2795729
2795731
2795733
2795736
2795737
2795739
2795974
2795986
2796139
2796142
2796149
2796366
2796372
2796381
2796396
2796405
2796407
2796464
2796465
2796471
2796472
2796928
2797167
2797505
2797506
2797636
2797638
2798040
2798304
2798577
2798580
2798581
2798583
2798724
2798727
2798801
2798802
2798803
2798861
2798868
2799005
2799325
2799326
2799335
2799498
2799499
2799558
2799560
2799561
2799565
2799567
2799568
2799570
2799573
2799577
2799580
2799617
2799636
2799669
2799789
2799794
2799796
2799804
2799948
2800106
2800110
2800127
2800326
2800327
2800328
2800330
2800381
2800421
2800446
2800584
2800791
2800818
2800988
2801330
2801331
2801332
2801333
2801335
2801336
2801337
2801338
2801340
2801341
2801451
2801474
2801997
2802053
2802174
2802175
2802176
2802280
2802282
2802440
2802441
2802568
2802615
2802972
2802976
2803368
2803558
2803751
2803775
2803784
2803787
2803811
2803813
2803815
2803841
2803855
2803858
2803862
2803863
2803864
2803865
2803911
2803939
2803949
2804194
2804532
2804533
2804919
2805366
2805397
2806021
2806100
2806101
2806205
2806210
2806261
2806263
2806419
2806438
2806551
2806552
2806553
2806554
2806571
2806572
2806582
2806585
2806589
2806596
2806597
2807101
2807191
2807193
2807194
2807195
2807196
2807340
2807512
2807577
2807617
2807618
2807619
2807623
2807626
2807627
2807628
2807632
2807653
2807661
2807664
2807666
2807671
2807673
2808900
2809017
2809020
2809025
2809026
2809028
2809029
2809030
2809051
2810033
2810034
2810035
2810036
2810209
2810210
2810297
2810307
2810308
2810309
2810310
2810347
2810349
2810352
2810368
2810512
2810513
2810514
2810516
2810614
2810616
2811104
2811108
2811111
2811131
2811229
2811231
2811232
2811234
2811414
2811415
2811421
2811422
2811423
2811424
2811429
2811465
2811789
2811901
2812000
2812001
2812055
2812554
2812555
2812556
2812558
2812559
2812560
2812561
2812562
2812563
2812629
2812648
2812655
2812657
2812658
2812662
2812848
2812850
2812904
2812953
2813022
2813030
2813034
2813362
2813575
2813576
2813577
2813578
2813744
2813778
2813780
2813823
2813842
2814292
2814294
2814588
2814653
2814655
2814886
2815212
2815214
2815309
2815321
2815322
2815324
2815325
2815329
2815356
2815358
2815387
2815389
2815390
2815391
2815392
2815393
2815396
2815397
2815407
2815576
2815577
2815579
2815602
2815603
2815723
2815938
2816034
2816035
2816036
2816037
2816048
2816081
2816120
2816232
2816243
2816248
2816250
2816356
2816357
2816454
2816474
2816475
2816856
2816857
2816859
2816861
2816908
2816950
2816956
2816993
2816997
2817025
2817059
2817060
2817061
2817280
2817373
2817375
2817377
2817378
2817379
2817380
2817381
2817434
2817435
2817449
2817475
2817476
2817681
2817683
2817839
2817849
2817864
2817942
2817952
2818044
2818388
2818389
2818390
2818440
2818442
2818473
2818493
2819108
2819110
2819111
2819112
2819114
2819116
2819118
2819121
2819123
2819127
2819128
2819134
2819136
2819144
2819151
2819153
2819166
2819167
2819168
2819172
2819173
2819174
2819177
2819182
2819183
2819184
2819188
2819190
2819191
2819192
2819233
2819234
2819235
2819237
2819238
2819261
2819280
2819349
2819369
2819681
2819978
2819979
2819984
2819985
2819991
2820006
2820268
2820273
2820274
2820275
2820277
2820278
2820287
2820290
2820291
2820326
2820523
2820673
2820675
2820698
2820710
2820808
2820809
2820810
2820811
2820812
2820817
2820819
2820884
2821087
2821091
2821092
2821094
2821095
2821098
2821099
2821100
2821102
2821105
2821112
2821138
2821144
2821353
2821356
2821357
2821407
2821487
2821488
2821489
2821505
2821540
2821731
2821844
2822138
2822140
2822344
2822368
2822684
2822685
2822688
2822690
2822692
2822760
2823109
2823110
2823141
2823280
2823316
2823330
2823334
2823335
2823372
2823518
2823519
2823687
2823688
2823689
2823691
2823693
2823873
2823875
2824119
2824120
2824121
2824561
2824562
2824753
2824762
2824764
2824875
2824876
2824882
2824887
2824888
2824899
2824903
2824904
2825842
2825843
2825884
2825886
2825975
2826923
2826925
2826939
2827235
2827236
2827238
2827239
2828330
2828332
2828365
2828514
2828728
2828729
2828731
2828860
2829104
2829187
2829500
2829501
2829502
2829509
2829795
2829809
2829810
2829811
2829817
2829818
2830654
2830655
2830656
2830657
2830658
2830659
2830660
2830675
2831022
2831035
2831036
2831057
2831190
2831522
2831662
2831676
2831780
2831781
2831969
2831970
2832346
2832348
2833581
2833582
2833586
2834430
2834580
2835040
2835042
2835133
2835306
2835529
2835530
2835532
2835533
2835535
2835536
2835634
2835635
2835648
2835787
2835793
2835805
2835862
2835865
2835866
2835868
2835871
2835872
2836178
2836179
2836180
2836182
2836432
2836735
2836866
2836868
2836945
2837202
2837387
2837399
2837493
2838015
2838414
2838415
2838420
2838427
2838428
2838432
2838438
2838443
2838447
2838452
2838453
2838454
2838456
2838462
2838463
2838465
2838466
2838477
2838478
2838482
2838489
2838491
2838492
2838493
2838496
2838499
2838501
2838511
2838513
2838515
2838518
2838519
2838522
2838523
2838527
2838528
2838530
2838533
2838534
2838550
2838551
2838555
2838556
2838559
2838563
2838567
2838570
2838575
2838579
2838581
2838586
2838587
2838594
2838596
2838598
2838600
2838606
2838611
2838613
2838614
2838616
2838618
2838619
2838620
2838622
2838626
2838631
2838633
2838639
2838640
2838641
2838645
2838647
2838650
2838651
2838652
2838657
2838666
2838670
2838678
2838680
2838683
2838684
2838685
2838687
2838688
2838693
2838699
2838711
2838715
2838716
2838717
2838722
2838730
2838732
2838733
2838745
2838747
2838748
2838750
2838752
2838756
2838758
2838760
2838761
2838762
2838765
2838766
2838767
2838833
2838834
2838877
2838878
2839034
2839649
2839843
2839896
2839983
2839984
2839985
2840188
2840371
2840373
2840456
2840472
2840474
2840478
2840669
2840681
2840682
2840686
2840687
2840693
2840708
2840718
2840721
2840722
2840724
2840733
2840738
2840739
2840740
2840745
2840746
2840749
2840753
2840756
2840757
2840761
2840775
2840776
2840777
2840781
2840785
2840786
2840792
2840802
2840803
2840807
2840813
2840814
2840816
2840823
2840824
2840828
2840829
2840830
2840832
2840839
2840840
2840841
2840848
2840851
2840858
2840859
2840866
2840867
2840868
2840869
2840870
2840875
2840879
2840888
2840894
2840902
2840906
2840909
2840912
2840913
2840919
2840920
2840933
2840940
2840941
2840942
2840944
2840959
2840961
2841503
2841505
2841507
2841508
2841509
2841512
2841515
2841517
2841519
2841520
2841522
2841523
2841526
2841527
2841529
2841531
2841533
2841534
2841559
2841560
2841562
2841563
2841564
2841566
2841567
2841569
2841570
2841571
2841588
2841589
2841594
2841596
2841687
2841690
2841691
2841692
2841695
2841697
2841925
2841926
2842200
2842303
2842348
2842349
2842352
2842354
2842356
2842357
2842451
2842452
2842453
2843196
2843317
2843330
2844359
2844380
2844891
2844893
2844909
2845825
2846762
2846770
2846775
2846778
2846779
2847262
2847778
2847990
2847992
2847993
2848114
2848395
2848612
2849041
2849093
2849149
2849150
2849179
2849491
2849492
2849493
2849495
2849498
2849501
2849651
2849671
2849672
2849866
2850320
2850388
2850560
2851009
2851010
2851016
2851017
2851023
2851135
2851567
2851599
2851652
2851888
2852098
2853256
2853534
2853806
2854028
2854246
2854257
2854775
2854779
2854780
2854784
2854785
2854786
2854792
2855394
2855841
2856165
2856337
2856340
2856341
2856342
2856343
2856344
